-1510.651 -2268.426 436.928 0
-1509.39 -2257.3 437.532 -1
-1508.129 -2246.286 438.077 -1
-1506.518 -2231.822 438.782 -1
-1505.397 -2222.588 439.224 -1
-1504.276 -2212.352 439.647 -1
-1503.154 -2201.338 440.04 -1
-1502.243 -2190.657 440.331 -1
-1501.261 -2179.642 440.576 -1
-1500.489 -2168.628 440.759 -1
-1499.578 -2157.613 440.899 -1
-1498.736 -2146.598 440.985 -1
-1497.893 -2134.248 441.042 -1
-1497.052 -2123.234 441.091 -1
-1496.28 -2111.774 441.138 -1
-1495.647 -2100.759 441.177 -1
-1494.945 -2089.299 441.205 -1
-1494.313 -2078.284 441.223 -1
-1493.681 -2066.824 441.233 -1
-1492.979 -2055.698 441.237 -1
-1492.276 -2044.239 441.231 -1
-1491.714 -2033.224 441.203 -1
-1490.449 -2009.525 441.049 -1
-1489.887 -1998.399 440.931 -1
-1489.394 -1986.16 440.8 -1
-1488.901 -1974.255 440.654 -1
-1488.269 -1961.46 440.468 -1
-1487.353 -1938.54 440.024 -1
-1486.791 -1925.856 439.711 -1
-1486.368 -1914.396 439.408 -1
-1485.945 -1902.491 439.099 -1
-1485.453 -1891.031 438.804 -1
-1485.1 -1879.571 438.525 -1
-1484.677 -1868.111 438.278 -1
-1484.324 -1856.206 438.068 -1
-1483.902 -1845.191 437.908 -1
-1483.62 -1836.29 437.816 -1
-1483.266 -1823.606 437.733 -1
-1482.844 -1812.591 437.704 -1
-1482.561 -1801.465 437.707 -1
-1482.209 -1790.45 437.735 -1
-1481.856 -1779.435 437.782 -1
-1481.503 -1768.42 437.843 -1
-1481.361 -1759.965 437.898 -1
-1481.008 -1747.614 437.98 -1
-1480.656 -1736.6 438.037 -1
-1480.443 -1725.918 438.076 -1
-1480.09 -1714.904 438.087 -1
-1479.808 -1704.779 438.059 -1
-1479.526 -1697.102 438.012 -1
-1479.174 -1686.532 437.933 -1
-1478.751 -1675.072 437.855 -1
-1478.398 -1662.722 437.827 -1
-1478.186 -1653.376 437.849 -1
-1478.182 -1640.247 437.924 -1
-1478.459 -1629.565 438.011 -1
-1478.875 -1620.664 438.097 -1
-1479.85 -1607.535 438.235 -1
-1480.895 -1597.299 438.35 -1
-1482.15 -1586.728 438.486 -1
-1483.336 -1578.272 438.608 -1
-1484.73 -1568.036 438.778 -1
-1486.195 -1558.355 438.961 -1
-1487.659 -1547.674 439.144 -1
-1489.054 -1537.548 439.316 -1
-1490.518 -1526.867 439.48 -1
-1491.843 -1516.742 439.616 -1
-1495.122 -1497.604 439.955 -1
-1498.19 -1475.906 440.461 -1
-1498.953 -1456.435 440.592 -1
-1498.11 -1437.743 440.557 -1
-1494.61 -1419.942 439.809 -1
-1488.946 -1405.035 439.362 -1
-1482.861 -1386.789 440.36 -1
-1478.664 -1369.879 441.206 -1
-1477.683 -1361.423 441.245 -1
-1478.03 -1350.742 441.035 -1
-1478.307 -1343.955 441.275 -1
-1476.698 -1334.609 442.005 -1
-1475.645 -1318.477 442.746 -1
-1475.503 -1310.911 442.903 -1
-1475.57 -1301.565 443.033 -1
-1475.848 -1293.888 443.1 -1
-1476.404 -1284.541 443.154 -1
-1477.031 -1276.53 443.203 -1
-1477.726 -1266.739 443.277 -1
-1478.283 -1257.838 443.398 -1
-1478.909 -1249.27 443.609 -1
-1479.606 -1240.035 443.959 -1
-1480.718 -1221.343 445.011 -1
-1481.415 -1214.556 445.507 -1
-1482.6 -1203.875 446.216 -1
-1485.111 -1186.517 447.669 -1
-1486.158 -1180.175 448.279 -1
-1487.623 -1171.274 449.215 -1
-1488.948 -1163.151 450.086 -1
-1490.204 -1155.14 450.968 -1
-1491.599 -1146.573 451.954 -1
-1493.273 -1136.892 453.194 -1
-1494.39 -1130.439 454.004 -1
-1495.855 -1121.538 455.073 -1
-1497.32 -1113.526 456.183 -1
-1498.855 -1105.849 457.409 -1
-1500.251 -1097.838 458.613 -1
-1501.646 -1089.716 459.808 -1
-1502.971 -1081.704 460.998 -1
-1504.087 -1074.027 462.136 -1
-1505.273 -1065.905 463.276 -1
-1506.459 -1058.784 464.392 -1
-1507.435 -1050.661 465.463 -1
-1508.481 -1043.429 466.459 -1
-1509.318 -1035.863 467.395 -1
-1510.294 -1027.741 468.253 -1
-1511.2 -1020.063 469.033 -1
-1512.106 -1012.497 469.765 -1
-1513.013 -1004.375 470.461 -1
-1513.849 -996.364 471.096 -1
-1514.755 -988.241 471.695 -1
-1515.661 -980.675 472.224 -1
-1516.567 -972.553 472.702 -1
-1517.403 -964.542 473.128 -1
-1518.17 -956.864 473.485 -1
-1519.006 -948.853 473.849 -1
-1519.702 -939.952 474.186 -1
-1520.399 -931.83 474.498 -1
-1521.025 -923.373 474.752 -1
-1521.651 -915.251 474.963 -1
-1522.278 -906.35 475.143 -1
-1522.904 -896.225 475.297 -1
-1523.391 -888.992 475.379 -1
-1524.017 -880.425 475.451 -1
-1524.642 -868.965 475.531 -1
-1525.199 -860.954 475.604 -1
-1525.825 -852.052 475.726 -1
-1526.52 -840.592 475.961 -1
-1527.147 -832.915 476.159 -1
-1527.983 -823.123 476.481 -1
-1528.609 -812.998 476.849 -1
-1528.955 -803.652 477.251 -1
-1529.232 -793.082 477.686 -1
-1529.158 -780.732 478.234 -1
-1528.876 -770.496 478.715 -1
-1528.244 -759.926 479.216 -1
-1527.403 -750.58 479.713 -1
-1526.492 -741.234 480.137 -1
-1524.951 -728.551 480.769 -1
-1523.69 -717.87 481.328 -1
-1522.5 -707.745 481.889 -1
-1521.449 -697.954 482.446 -1
-1520.678 -689.054 482.897 -1
-1519.836 -677.594 483.555 -1
-1519.204 -666.579 484.116 -1
-1518.643 -656.343 484.636 -1
-1518.15 -645.328 485.147 -1
-1517.588 -634.758 485.626 -1
-1516.886 -621.518 486.156 -1
-1516.324 -612.283 486.51 -1
-1515.622 -600.823 486.881 -1
-1514.921 -590.142 487.179 -1
-1514.149 -578.682 487.452 -1
-1513.447 -567.222 487.699 -1
-1512.815 -555.317 487.944 -1
-1512.322 -543.857 488.197 -1
-1511.76 -531.619 488.477 -1
-1511.267 -520.159 488.713 -1
-1510.845 -508.699 488.918 -1
-1510.422 -496.793 489.092 -1
-1510 -485.778 489.234 -1
-1509.507 -473.873 489.349 -1
-1509.085 -461.968 489.428 -1
-1508.592 -450.508 489.468 -1
-1508.169 -438.269 489.469 -1
-1507.677 -425.919 489.44 -1
-1507.254 -414.459 489.39 -1
-1506.902 -403.444 489.314 -1
-1506.479 -391.539 489.198 -1
-1506.126 -380.079 489.04 -1
-1505.704 -369.064 488.857 -1
-1505.421 -357.604 488.634 -1
-1504.998 -345.254 488.38 -1
-1504.645 -333.349 488.089 -1
-1504.222 -321.888 487.769 -1
-1503.869 -309.65 487.405 -1
-1503.586 -297.744 487.021 -1
-1503.373 -285.839 486.633 -1
-1503.3 -275.269 486.291 -1
-1503.157 -262.919 485.885 -1
-1503.013 -250.569 485.485 -1
-1502.94 -238.33 485.054 -1
-1502.866 -226.869 484.595 -1
-1502.723 -214.519 484.061 -1
-1503.348 -202.614 483.575 -1
-1503.903 -190.375 483.202 -1
-1502.153 -179.36 482.424 -1
-1500.684 -170.014 482.095 -1
-1499.143 -158.888 482.013 -1
-1498.022 -144.981 482.022 -1
-1497.879 -133.854 481.812 -1
-1498.294 -122.394 481.336 -1
-1499.338 -110.155 480.641 -1
-1500.872 -98.694 479.84 -1
-1502.894 -85.898 478.93 -1
-1504.777 -74.882 478.094 -1
-1506.729 -62.643 477.176 -1
-1508.472 -51.182 476.145 -1
-1509.935 -39.722 474.991 -1
-1511.119 -27.816 473.674 -1
-1512.163 -15.465 472.275 -1
-1513.067 -4.005 470.958 -1
-1513.762 7.455 469.676 -1
-1514.527 18.916 468.515 -1
-1515.222 30.376 467.489 -1
-1515.917 42.281 466.551 -1
-1516.542 52.407 465.827 -1
-1517.237 64.757 465.084 -1
-1517.862 76.217 464.468 -1
-1518.487 87.678 463.941 -1
-1519.113 99.138 463.481 -1
-1519.668 111.822 463.082 -1
-1519.944 120.723 462.879 -1
-1520.36 132.184 462.733 -1
-1520.846 143.31 462.712 -1
-1521.261 156.439 462.826 -1
-1521.607 167.009 463.029 -1
-1522.023 178.025 463.316 -1
-1522.299 189.151 463.665 -1
-1522.576 197.607 463.974 -1
-1522.923 208.177 464.383 -1
-1523.199 218.859 464.793 -1
-1523.476 228.984 465.197 -1
-1523.752 239.665 465.583 -1
-1523.958 250.68 465.963 -1
-1524.165 260.36 466.296 -1
-1524.372 271.042 466.65 -1
-1524.578 281.167 466.99 -1
-1524.715 291.848 467.311 -1
-1524.922 301.528 467.608 -1
-1525.128 312.21 467.87 -1
-1525.265 322.78 468.094 -1
-1525.401 333.016 468.274 -1
-1525.608 344.031 468.432 -1
-1525.744 353.822 468.545 -1
-1525.742 363.502 468.623 -1
-1525.878 374.184 468.657 -1
-1526.015 383.975 468.648 -1
-1526.082 394.545 468.597 -1
-1526.149 403.891 468.51 -1
-1526.285 414.016 468.396 -1
-1526.352 423.807 468.27 -1
-1526.42 432.263 468.146 -1
-1526.416 442.5 467.996 -1
-1526.484 451.846 467.831 -1
-1526.551 461.192 467.647 -1
-1526.618 470.538 467.447 -1
-1526.614 481.108 467.218 -1
-1526.612 490.454 466.984 -1
-1526.539 500.245 466.728 -1
-1526.606 509.591 466.438 -1
-1526.743 518.938 466.138 -1
-1526.809 528.618 465.815 -1
-1527.016 537.519 465.487 -1
-1527.292 548.2 465.128 -1
-1527.36 557.101 464.775 -1
-1527.287 566.447 464.385 -1
-1527.144 576.238 463.954 -1
-1526.652 585.584 463.443 -1
-1525.951 595.264 462.878 -1
-1524.97 604.61 462.285 -1
-1523.78 613.51 461.675 -1
-1522.519 623.301 461.095 -1
-1521.119 632.647 460.554 -1
-1519.719 642.437 460.027 -1
-1518.529 650.448 459.567 -1
-1517.059 660.684 459.054 -1
-1515.799 670.363 458.589 -1
-1514.539 681.044 458.098 -1
-1513.348 690.835 457.648 -1
-1512.298 700.515 457.222 -1
-1510.406 720.541 456.461 -1
-1509.565 729.887 456.118 -1
-1508.723 740.012 455.782 -1
-1507.952 749.358 455.48 -1
-1507.181 759.149 455.172 -1
-1506.41 768.828 454.865 -1
-1505.639 778.174 454.537 -1
-1504.937 787.52 454.191 -1
-1504.236 798.201 453.807 -1
-1503.464 807.547 453.384 -1
-1502.833 817.227 452.928 -1
-1502.131 827.463 452.434 -1
-1501.36 837.587 451.92 -1
-1500.728 847.378 451.408 -1
-1500.097 856.724 450.911 -1
-1499.465 867.294 450.424 -1
-1498.833 876.64 449.933 -1
-1498.342 885.986 449.437 -1
-1497.71 896.222 448.902 -1
-1497.219 903.898 448.399 -1
-1496.727 913.133 447.816 -1
-1496.235 921.7 447.17 -1
-1495.814 930.601 446.478 -1
-1495.252 939.947 445.721 -1
-1494.76 949.738 444.961 -1
-1494.338 958.194 444.228 -1
-1493.986 967.094 443.512 -1
-1493.704 976.44 442.831 -1
-1493.422 985.786 442.218 -1
-1493.14 994.687 441.667 -1
-1492.857 1004.478 441.199 -1
-1492.645 1013.379 440.817 -1
-1492.363 1023.059 440.504 -1
-1492.081 1032.405 440.27 -1
-1491.868 1041.751 440.098 -1
-1491.656 1050.318 439.993 -1
-1491.444 1059.664 439.932 -1
-1491.092 1068.899 439.921 -1
-1490.88 1077.911 439.954 -1
-1490.598 1087.591 440.02 -1
-1490.735 1096.158 440.13 -1
-1491.501 1105.838 440.441 -1
-1491.498 1114.74 440.75 -1
-1491.216 1124.531 441.113 -1
-1490.515 1132.653 441.436 -1
-1489.256 1140.663 441.704 -1
-1487.437 1150.454 441.94 -1
-1485.27 1158.91 442.126 -1
-1482.683 1167.031 442.321 -1
-1479.468 1175.486 442.472 -1
-1476.113 1183.941 442.775 -1
-1472.689 1192.063 443.206 -1
-1469.404 1200.518 443.712 -1
-1466.259 1208.973 444.224 -1
-1463.532 1217.54 444.713 -1
-1461.295 1226.44 445.204 -1
-1459.267 1234.896 445.789 -1
-1457.519 1244.241 446.521 -1
-1455.771 1251.918 447.379 -1
-1454.092 1260.819 448.294 -1
-1452.484 1269.275 449.197 -1
-1450.736 1277.285 450.145 -1
-1448.778 1287.076 451.14 -1
-1447.03 1295.532 452.09 -1
-1445.281 1304.099 453.058 -1
-1443.463 1313.445 454.073 -1
-1441.785 1321.455 454.984 -1
-1440.176 1330.356 455.884 -1
-1438.427 1341.371 456.887 -1
-1437.098 1350.717 457.622 -1
-1436.048 1360.063 458.271 -1
-1434.998 1369.409 458.862 -1
-1433.948 1379.2 459.349 -1
-1432.967 1388.101 459.731 -1
-1431.917 1397.447 460.021 -1
-1430.867 1407.683 460.226 -1
-1429.398 1416.917 460.361 -1
-1428.348 1424.594 460.433 -1
-1426.669 1435.609 460.501 -1
-1425.479 1444.955 460.496 -1
-1424.709 1452.632 460.429 -1
-1424.067 1498.027 458.404 -1
-1425.041 1509.487 457.512 -1
-1426.016 1520.057 456.665 -1
-1427.895 1541.308 454.871 -1
-1428.591 1551.099 453.985 -1
-1429.284 1568.456 452.425 -1
-1429.49 1579.138 451.565 -1
-1429.557 1589.262 450.83 -1
-1429.554 1599.053 450.246 -1
-1429.552 1608.399 449.743 -1
-1429.549 1618.524 449.34 -1
-1429.615 1629.206 449.08 -1
-1429.752 1639.776 449.006 -1
-1429.889 1650.457 449.136 -1
-1430.026 1660.582 449.475 -1
-1430.233 1670.818 450.003 -1
-1430.37 1680.499 450.704 -1
-1430.507 1690.29 451.503 -1
-1430.574 1699.636 452.428 -1
-1430.642 1708.983 453.43 -1
-1430.639 1718.774 454.506 -1
-1430.707 1728.121 455.624 -1
-1430.774 1737.467 456.801 -1
-1430.772 1746.369 458.025 -1
-1430.77 1756.049 459.276 -1
-1430.767 1765.062 460.517 -1
-1430.905 1773.963 461.777 -1
-1430.903 1782.42 462.907 -1
-1430.97 1791.321 464.081 -1
-1431.038 1799.777 465.208 -1
-1431.036 1808.345 466.249 -1
-1431.103 1817.691 467.276 -1
-1431.101 1826.148 468.218 -1
-1431.099 1835.049 469.096 -1
-1431.097 1843.505 469.92 -1
-1431.092 1862.643 471.475 -1
-1431.09 1869.431 471.997 -1
-1431.088 1877.442 472.529 -1
-1431.085 1886.454 473.055 -1
-1431.013 1895.355 473.524 -1
-1431.007 1916.496 474.305 -1
-1431.005 1924.173 474.501 -1
-1431.003 1933.519 474.68 -1
-1430.931 1941.975 474.803 -1
-1430.928 1952.991 474.939 -1
-1430.926 1960.668 475.047 -1
-1430.635 2003.505 476.378 -1
-1430.558 2030.32 477.653 -1
-1430.485 2041.335 478.167 -1
-1430.343 2049.791 478.57 -1
-1430.341 2057.469 478.895 -1
-1430.268 2068.039 479.291 -1
-1430.266 2075.271 479.533 -1
-1430.194 2083.727 479.8 -1
-1430.122 2092.628 480.034 -1
-1430.049 2101.641 480.227 -1
-1430.047 2110.987 480.366 -1
-1429.905 2120.222 480.445 -1
-1429.902 2130.013 480.434 -1
-1429.829 2140.249 480.315 -1
-1429.687 2149.595 480.102 -1
-1429.684 2158.942 479.831 -1
-1429.542 2169.512 479.571 -1
-1429.399 2179.303 479.38 -1
-1429.327 2188.983 479.277 -1
-1429.114 2198.774 479.248 -1
-1428.972 2207.675 479.279 -1
-1428.9 2217.021 479.358 -1
-1428.897 2226.812 479.492 -1
-1429.104 2235.714 479.696 -1
-1429.241 2245.505 479.978 -1
-1429.588 2254.851 480.334 -1
-1430.074 2263.753 480.751 -1
-1430.491 2273.544 481.203 -1
-1431.047 2282.78 481.678 -1
-1431.603 2291.347 482.122 -1
-1432.229 2300.694 482.602 -1
-1432.785 2309.15 483.017 -1
-1433.481 2317.607 483.438 -1
-1434.107 2326.508 483.845 -1
-1434.943 2336.3 484.243 -1
-1435.778 2345.201 484.567 -1
-1436.684 2353.769 484.847 -1
-1437.798 2362.67 485.075 -1
-1438.983 2371.127 485.254 -1
-1440.307 2379.583 485.402 -1
-1441.771 2388.151 485.521 -1
-1443.445 2396.163 485.613 -1
-1445.747 2404.62 485.842 -1
-1447.42 2413.521 486.057 -1
-1448.814 2422.089 486.314 -1
-1449.72 2430.991 486.55 -1
-1450.346 2440.337 486.735 -1
-1450.553 2448.793 486.852 -1
-1450.271 2457.694 486.897 -1
-1449.64 2465.816 486.878 -1
-1448.59 2474.272 486.792 -1
-1447.122 2481.949 486.651 -1
-1445.304 2489.959 486.464 -1
-1443.207 2497.191 486.232 -1
-1440.901 2504.867 485.969 -1
-1438.176 2511.654 485.68 -1
-1435.241 2517.995 485.374 -1
-1431.957 2524.781 485.053 -1
-1428.185 2532.012 484.718 -1
-1424.203 2538.353 484.401 -1
-1419.872 2544.248 484.111 -1
-1415.192 2549.81 483.857 -1
-1410.583 2554.927 483.664 -1
-1404.995 2560.822 483.488 -1
-1399.408 2565.939 483.364 -1
-1393.751 2570.165 483.281 -1
-1387.745 2574.837 483.231 -1
-1381.669 2578.618 483.216 -1
-1375.524 2582.511 483.233 -1
-1369.378 2585.402 483.283 -1
-1363.163 2588.405 483.361 -1
-1357.018 2590.962 483.464 -1
-1350.594 2593.074 483.596 -1
-1344.03 2595.187 483.751 -1
-1337.676 2596.854 483.914 -1
-1331.391 2597.743 484.089 -1
-1324.758 2598.965 484.277 -1
-1318.264 2599.853 484.464 -1
-1311.701 2600.297 484.653 -1
-1305.137 2600.295 484.839 -1
-1298.574 2600.294 485.022 -1
-1291.941 2600.292 485.201 -1
-1285.447 2599.4 485.313 -1
-1278.884 2597.73 485.16 -1
-1272.251 2596.059 484.611 -1
-1265.828 2593.053 484.726 -1
-1259.615 2590.493 485.366 -1
-1253.262 2588.378 486.292 -1
-1246.839 2586.708 487.287 -1
-1240.066 2584.592 488.263 -1
-1233.364 2582.811 489.085 -1
-1226.382 2582.031 489.734 -1
-1218.353 2580.36 490.171 -1
-1210.882 2579.913 490.204 -1
-1203.62 2579.911 490.038 -1
-1195.939 2580.354 489.814 -1
-1188.677 2581.577 489.619 -1
-1181.625 2582.465 489.466 -1
-1174.782 2582.797 489.343 -1
-1167.939 2583.686 489.229 -1
-1161.166 2584.574 489.109 -1
-1154.253 2585.018 488.966 -1
-1146.922 2585.35 488.768 -1
-1139.381 2585.793 488.513 -1
-1131.211 2585.346 488.226 -1
-1122.902 2584.565 487.995 -1
-1114.314 2583.228 487.891 -1
-1105.517 2582.447 487.94 -1
-1096.859 2581.555 488.085 -1
-1088.271 2580.664 488.246 -1
-1079.613 2579.883 488.377 -1
-1070.815 2579.436 488.469 -1
-1062.087 2579.879 488.546 -1
-1053.638 2579.878 488.64 -1
-1045.469 2579.876 488.761 -1
-1037.928 2579.875 488.891 -1
-1030.666 2580.652 489.015 -1
-1023.405 2581.096 489.119 -1
-1016.353 2580.649 489.192 -1
-1009.3 2580.648 489.23 -1
-1002.109 2580.646 489.234 -1
-994.637 2580.645 489.207 -1
-987.236 2580.644 489.152 -1
-979.765 2579.863 489.074 -1
-972.364 2579.862 488.981 -1
-964.683 2579.86 488.871 -1
-957.561 2580.304 488.825 -1
-949.462 2580.302 488.835 -1
-941.362 2580.301 488.88 -1
-933.332 2580.3 488.951 -1
-917.971 2578.517 489.084 -1
-909.244 2576.846 489.096 -1
-901.075 2575.621 489.026 -1
-892.975 2573.505 488.851 -1
-884.876 2570.5 488.558 -1
-876.777 2568.384 488.141 -1
-869.446 2564.933 487.66 -1
-862.115 2561.594 487.083 -1
-855.063 2558.143 486.44 -1
-848.361 2553.914 485.752 -1
-841.519 2549.684 484.966 -1
-828.393 2539.89 483.218 -1
-822.18 2534.771 482.25 -1
-815.966 2528.427 481.244 -1
-810.032 2522.974 480.23 -1
-804.307 2516.519 479.24 -1
-799.35 2509.731 478.372 -1
-794.464 2502.943 477.552 -1
-789.926 2495.71 476.818 -1
-786.157 2488.143 476.242 -1
-782.806 2480.465 475.764 -1
-780.014 2472.787 475.401 -1
-777.781 2464.776 475.142 -1
-775.967 2456.765 474.988 -1
-774.711 2448.642 474.887 -1
-774.154 2440.631 474.893 -1
-774.085 2432.509 474.946 -1
-774.436 2424.498 475.174 -1
-775.624 2415.931 475.214 -1
-777.371 2407.92 475.294 -1
-779.816 2399.798 475.49 -1
-782.261 2391.788 476.019 -1
-785.265 2384.111 476.558 -1
-787.85 2376.88 477.307 -1
-790.295 2369.648 478.095 -1
-792.531 2362.083 478.827 -1
-794.557 2354.406 479.446 -1
-796.234 2347.174 479.933 -1
-797.771 2339.164 480.314 -1
-798.82 2331.042 480.57 -1
-799.52 2323.031 480.679 -1
-799.8 2314.909 480.735 -1
-799.941 2307.343 480.809 -1
-799.872 2299.22 480.923 -1
-799.874 2291.209 481.064 -1
-800.084 2283.087 481.172 -1
-800.644 2274.631 481.205 -1
-801.553 2266.175 481.186 -1
-802.532 2257.608 481.203 -1
-803.721 2248.707 481.33 -1
-805.049 2238.583 481.618 -1
-805.818 2231.351 481.863 -1
-806.309 2222.005 482.149 -1
-806.241 2210.544 482.427 -1
-805.684 2201.198 482.655 -1
-804.708 2191.407 482.971 -1
-803.801 2183.841 483.315 -1
-802.616 2174.495 483.843 -1
-801.639 2165.594 484.418 -1
-800.873 2155.802 484.996 -1
-800.246 2144.787 485.676 -1
-800.108 2138 486.072 -1
-799.97 2128.654 486.596 -1
-800.395 2086.152 489.005 -1
-800.118 2072.133 489.736 -1
-799.423 2051.772 490.68 -1
-799.075 2043.761 491.05 -1
-798.728 2034.415 491.471 -1
-798.38 2025.069 491.837 -1
-798.172 2015.723 492.202 -1
-798.034 2004.263 492.586 -1
-797.896 1996.585 492.813 -1
-797.897 1988.129 493.039 -1
-797.899 1978.338 493.235 -1
-797.97 1968.992 493.398 -1
-797.972 1959.312 493.527 -1
-797.973 1949.966 493.618 -1
-797.905 1940.175 493.676 -1
-797.906 1930.383 493.706 -1
-797.768 1921.037 493.71 -1
-797.63 1911.357 493.693 -1
-797.562 1901.121 493.657 -1
-797.423 1891.775 493.602 -1
-797.425 1882.428 493.516 -1
-797.357 1872.637 493.39 -1
-797.358 1862.512 493.225 -1
-797.36 1853.166 493.033 -1
-797.291 1843.374 492.818 -1
-797.363 1834.028 492.575 -1
-797.364 1824.682 492.305 -1
-797.365 1815.781 492.027 -1
-797.367 1806.434 491.681 -1
-797.438 1797.088 491.284 -1
-797.439 1786.963 490.838 -1
-797.441 1778.062 490.348 -1
-797.442 1768.715 489.821 -1
-797.513 1759.369 489.229 -1
-797.445 1749.578 488.595 -1
-797.516 1739.786 487.924 -1
-797.518 1730.551 487.196 -1
-797.519 1720.314 486.416 -1
-797.59 1710.968 485.587 -1
-797.662 1700.843 484.705 -1
-797.733 1690.606 483.765 -1
-797.804 1680.036 482.721 -1
-797.945 1670.689 481.719 -1
-798.086 1660.898 480.708 -1
-798.088 1650.661 479.692 -1
-798.089 1641.315 478.672 -1
-798.16 1631.19 477.647 -1
-798.162 1621.398 476.609 -1
-798.163 1611.273 475.559 -1
-798.025 1600.591 474.498 -1
-797.747 1590.021 473.402 -1
-797.469 1580.229 472.356 -1
-796.982 1569.659 471.322 -1
-796.634 1559.868 470.323 -1
-796.077 1549.631 469.359 -1
-795.659 1539.061 468.384 -1
-795.172 1528.935 467.403 -1
-794.685 1518.254 466.414 -1
-794.058 1505.569 465.149 -1
-793.571 1493.664 464.044 -1
-793.083 1482.203 462.928 -1
-792.596 1470.743 461.761 -1
-793.087 1458.392 460.629 -1
-792.949 1446.932 459.47 -1
-792.183 1432.912 458.165 -1
-790.718 1420.228 456.888 -1
-788.834 1408.767 455.783 -1
-786.112 1395.637 454.657 -1
-783.25 1383.731 453.854 -1
-780.319 1371.38 453.335 -1
-777.108 1357.361 453.112 -1
-773.549 1340.448 453.292 -1
-770.478 1324.76 453.916 -1
-767.548 1309.071 455.004 -1
-765.385 1295.831 456.16 -1
-763.431 1281.812 457.633 -1
-761.757 1270.352 459.028 -1
-760.013 1257.668 460.667 -1
-758.409 1244.984 462.386 -1
-756.595 1229.629 464.482 -1
-755.131 1216.945 466.196 -1
-753.666 1203.816 468.031 -1
-752.271 1191.466 469.609 -1
-750.877 1177.892 471.183 -1
-749.552 1165.987 472.528 -1
-748.296 1153.637 473.698 -1
-747.041 1142.177 474.825 -1
-745.856 1129.938 475.861 -1
-744.74 1117.587 476.815 -1
-743.764 1106.127 477.689 -1
-742.858 1093.443 478.472 -1
-742.092 1081.093 479.117 -1
-741.325 1069.633 479.652 -1
-739.932 1045.043 480.435 -1
-739.235 1033.138 480.712 -1
-738.399 1020.454 480.938 -1
-737.772 1008.548 481.111 -1
-737.215 996.198 481.229 -1
-736.728 983.069 481.305 -1
-736.381 970.273 481.338 -1
-735.963 958.034 481.34 -1
-735.686 945.684 481.315 -1
-735.268 933 481.259 -1
-735.061 919.759 481.155 -1
-734.713 907.52 480.993 -1
-734.226 895.17 480.773 -1
-733.669 882.931 480.511 -1
-733.252 870.58 480.154 -1
-732.834 858.23 479.603 -1
-732.836 846.436 478.837 -1
-733.187 834.531 477.709 -1
-734.166 822.18 476.225 -1
-735.565 809.496 474.58 -1
-737.382 797.591 472.963 -1
-739.409 784.796 471.336 -1
-741.856 769.998 469.405 -1
-743.324 759.428 468.041 -1
-744.932 747.078 466.444 -1
-746.261 733.948 464.951 -1
-747.171 723.267 463.877 -1
-748.36 707.579 462.558 -1
-749.2 696.564 461.848 -1
-749.83 687.218 461.503 -1
-750.81 673.644 461.347 -1
-751.58 661.739 461.611 -1
-752.35 650.724 462.216 -1
-753.26 639.264 463.135 -1
-754.309 628.249 464.331 -1
-755.079 620.127 465.417 -1
-755.989 609.557 466.928 -1
-756.689 598.543 468.594 -1
-756.83 588.752 470.161 -1
-756.343 579.405 471.699 -1
-755.576 569.614 473.218 -1
-754.042 557.375 475.09 -1
-752.925 549.698 476.308 -1
-751.53 540.797 477.767 -1
-750.204 531.896 479.143 -1
-749.018 522.549 480.397 -1
-748.041 513.648 481.581 -1
-747.414 505.192 482.548 -1
-746.577 497.07 483.544 -1
-746.16 487.724 484.402 -1
-745.951 479.268 485.172 -1
-746.162 470.367 485.883 -1
-746.583 461.021 486.608 -1
-747.143 451.229 487.464 -1
-747.703 441.883 488.293 -1
-748.124 431.759 489.121 -1
-748.544 424.081 489.815 -1
-749.105 414.29 490.556 -1
-749.805 404.944 491.231 -1
-750.644 395.598 491.825 -1
-751.554 386.697 492.33 -1
-752.743 374.458 492.843 -1
-753.583 366.781 493.116 -1
-754.562 356.99 493.379 -1
-755.402 345.53 493.5 -1
-755.962 337.964 493.446 -1
-756.592 326.504 493.18 -1
-757.223 315.823 492.815 -1
-758.062 305.698 492.369 -1
-758.972 295.462 491.871 -1
-759.951 287.785 491.444 -1
-761.349 277.215 490.916 -1
-763.167 264.865 490.376 -1
-764.776 253.85 490.079 -1
-766.384 243.28 489.921 -1
-767.992 231.82 489.866 -1
-769.391 220.805 489.88 -1
-770.79 210.569 489.95 -1
-772.119 199.554 490.082 -1
-773.448 188.094 490.27 -1
-774.707 177.079 490.492 -1
-776.245 166.064 490.741 -1
-778.483 154.16 491.1 -1
-778.065 142.699 491.304 -1
-778.416 130.794 491.928 -1
-779.955 119.779 492.422 -1
-783.38 108.765 492.738 -1
-783.94 97.638 493.363 -1
-785.06 85.845 494.057 -1
-789.044 74.719 493.969 -1
-792.608 63.704 494.359 -1
-792.4 52.244 494.888 -1
-795.196 40.784 495.3 -1
-798.272 29.77 495.773 -1
-799.671 18.755 496.52 -1
-803.096 8.519 496.409 -1
-805.822 -2.941 496.594 -1
-809.456 -13.955 496.328 -1
-813.3 -21.966 495.777 -1
-819.379 -33.091 494.936 -1
-825.598 -43.215 494.219 -1
-832.166 -53.005 493.586 -1
-837.966 -62.351 493.101 -1
-849.217 -81.375 492.032 -1
-854.737 -92.5 491.381 -1
-859.769 -103.515 490.829 -1
-864.661 -114.084 490.388 -1
-869.693 -125.543 490.043 -1
-875.004 -136.557 489.723 -1
-880.525 -148.017 489.406 -1
-886.535 -159.031 489.09 -1
-892.894 -170.49 488.837 -1
-899.184 -181.949 488.621 -1
-905.124 -194.298 488.303 -1
-910.575 -206.647 487.853 -1
-915.398 -219.331 487.314 -1
-919.661 -231.235 486.805 -1
-922.947 -243.585 486.357 -1
-927.281 -256.713 486.061 -1
-931.684 -268.172 485.769 -1
-937.345 -279.632 485.329 -1
-943.425 -291.536 484.888 -1
-949.296 -302.55 484.55 -1
-955.026 -313.119 484.314 -1
-960.548 -324.578 484.032 -1
-965.091 -335.592 483.69 -1
-969.355 -347.051 483.232 -1
-972.71 -358.956 482.649 -1
-975.227 -369.971 481.926 -1
-977.185 -381.43 480.974 -1
-978.585 -392.89 479.797 -1
-979.146 -404.795 478.317 -1
-978.798 -416.255 476.432 -1
-977.682 -427.715 474.444 -1
-975.868 -438.731 472.516 -1
-973.634 -450.636 470.737 -1
-971.33 -461.318 469.19 -1
-969.027 -472.333 467.715 -1
-967.002 -483.349 466.257 -1
-965.327 -494.809 464.674 -1
-964.142 -505.824 462.963 -1
-963.375 -518.174 461.071 -1
-962.818 -529.634 459.113 -1
-962.541 -541.873 457.138 -1
-962.193 -553.333 455.212 -1
-961.916 -565.683 453.128 -1
-961.498 -576.698 450.956 -1
-961.011 -589.048 448.629 -1
-960.384 -601.287 446.209 -1
-959.897 -613.637 443.8 -1
-959.62 -625.987 441.448 -1
-959.202 -637.781 439.204 -1
-958.575 -649.686 437.054 -1
-957.878 -661.146 435.075 -1
-957.042 -673.051 433.276 -1
-955.926 -684.956 431.567 -1
-954.949 -693.857 430.437 -1
-953.205 -707.877 429.015 -1
-951.879 -716.778 428.379 -1
-949.995 -730.352 427.92 -1
-948.111 -741.367 427.94 -1
-946.157 -753.273 428.355 -1
-944.552 -762.174 428.931 -1
-942.667 -773.19 429.84 -1
-940.713 -783.872 430.908 -1
-938.689 -794.442 432.103 -1
-936.665 -804.679 433.357 -1
-934.571 -814.359 434.636 -1
-932.547 -825.041 435.895 -1
-930.313 -834.387 437.078 -1
-927.66 -846.182 438.312 -1
-925.216 -855.974 439.262 -1
-922.773 -864.43 440.006 -1
-919.77 -874.667 440.761 -1
-916.977 -884.014 441.331 -1
-913.904 -893.36 441.849 -1
-910.832 -903.152 442.269 -1
-907.759 -912.833 442.584 -1
-904.966 -922.624 442.768 -1
-902.383 -932.416 442.824 -1
-900.079 -942.541 442.777 -1
-897.915 -952.778 442.669 -1
-895.89 -963.793 442.528 -1
-893.796 -975.254 442.371 -1
-889.328 -997.284 442.01 -1
-887.303 -1006.631 441.834 -1
-884.441 -1019.871 441.587 -1
-882.207 -1029.552 441.418 -1
-879.204 -1041.902 441.217 -1
-876.411 -1053.808 441.062 -1
-873.758 -1064.378 440.927 -1
-870.965 -1076.729 440.801 -1
-868.382 -1088.189 440.678 -1
-865.659 -1099.65 440.543 -1
-862.936 -1111.556 440.378 -1
-860.143 -1124.24 440.159 -1
-857.699 -1137.035 439.889 -1
-855.815 -1149.72 439.706 -1
-853.162 -1163.294 439.534 -1
-849.95 -1175.2 439.23 -1
-843.243 -1185.771 438.259 -1
-837.795 -1197.232 438.421 -1
-833.185 -1210.028 438.889 -1
-829.694 -1221.822 439.158 -1
-826.551 -1235.063 439.061 -1
-824.527 -1246.523 438.511 -1
-823.061 -1258.762 438.019 -1
-822.574 -1271.557 437.211 -1
-823.624 -1283.017 436.1 -1
-825.163 -1294.032 435.494 -1
-826.074 -1314.393 435.158 -1
-826.635 -1324.629 434.819 -1
-826.986 -1337.757 434.281 -1
-827.128 -1348.772 433.852 -1
-827.13 -1360.677 433.495 -1
-827.132 -1372.582 433.201 -1
-827.134 -1384.821 432.964 -1
-827.275 -1396.281 432.747 -1
-827.557 -1408.186 432.571 -1
-827.978 -1420.536 432.44 -1
-828.469 -1432.775 432.35 -1
-828.89 -1444.68 432.288 -1
-829.242 -1457.475 432.245 -1
-829.593 -1469.269 432.218 -1
-829.874 -1481.619 432.199 -1
-830.086 -1493.524 432.179 -1
-830.298 -1505.874 432.14 -1
-830.509 -1518.558 432.068 -1
-830.651 -1530.463 431.944 -1
-830.933 -1544.037 431.734 -1
-831.144 -1556.276 431.481 -1
-831.426 -1569.071 431.175 -1
-831.637 -1581.421 430.846 -1
-831.919 -1591.991 430.547 -1
-832.2 -1605.565 430.166 -1
-832.412 -1617.915 429.803 -1
-832.693 -1630.599 429.442 -1
-832.905 -1642.949 429.092 -1
-833.117 -1655.633 428.757 -1
-833.328 -1668.428 428.444 -1
-833.54 -1682.335 428.139 -1
-833.752 -1694.685 427.888 -1
-833.963 -1707.369 427.657 -1
-834.175 -1719.274 427.445 -1
-834.317 -1732.069 427.263 -1
-834.528 -1743.974 427.121 -1
-834.74 -1756.213 427.007 -1
-834.951 -1768.118 426.929 -1
-835.093 -1780.468 426.879 -1
-835.305 -1792.262 426.855 -1
-835.516 -1804.167 426.852 -1
-835.658 -1816.517 426.865 -1
-835.8 -1827.977 426.892 -1
-836.081 -1840.661 426.927 -1
-836.223 -1852.121 426.959 -1
-836.574 -1864.026 426.978 -1
-836.926 -1875.931 426.97 -1
-837.067 -1887.836 426.918 -1
-837.279 -1900.52 426.8 -1
-837.141 -1911.98 426.617 -1
-836.864 -1923.885 426.339 -1
-836.376 -1936.235 425.971 -1
-835.749 -1947.25 425.561 -1
-834.703 -1959.155 425.006 -1
-832.051 -1983.299 423.722 -1
-830.515 -1996.428 422.962 -1
-829.19 -2008.778 422.232 -1
-828.143 -2017.234 421.656 -1
-826.747 -2031.253 420.778 -1
-825.631 -2043.158 420.005 -1
-824.584 -2055.063 419.201 -1
-823.956 -2063.519 418.679 -1
-822.91 -2077.538 417.837 -1
-822.143 -2088.553 417.223 -1
-821.446 -2100.013 416.651 -1
-820.819 -2110.249 416.177 -1
-820.192 -2121.709 415.698 -1
-819.494 -2132.724 415.277 -1
-818.937 -2143.739 414.905 -1
-818.31 -2154.754 414.549 -1
-817.822 -2165.769 414.238 -1
-817.335 -2178.119 413.916 -1
-816.987 -2189.134 413.616 -1
-816.639 -2200.149 413.312 -1
-816.501 -2208.271 413.068 -1
-816.293 -2219.285 412.732 -1
-816.155 -2229.076 412.394 -1
-816.017 -2239.201 412.034 -1
-815.948 -2248.992 411.654 -1
-815.95 -2259.228 411.257 -1
-816.021 -2270.243 410.835 -1
-816.093 -2280.368 410.402 -1
-816.164 -2290.604 409.931 -1
-816.306 -2300.728 409.474 -1
-816.517 -2310.519 408.999 -1